0.016667 0.016667 0.666667 20 20
20
 0.0  0.0
 12.8  4.9  0 
 3.0  0.7  0 
 6.5  3.5  0 
 14.5  4.6  0 
 4.9  2.9  0 
 10.0  1.4  0 
 2.6  4.3  0 
 1.9  12.7  0 
 5.0  16.5  0 
 2.5  4.8  0 
 1.5  1.2  0 
 0.7  2.2  0 
 4.5  4.1  0 
 2.4  2.7  1 
 5.1  11.3  1 
 3.0  10.5  1 
 15.2  5.2  0 
 6.7  1.3  0 
 16.0  2.3  0 
 1.4  9.9  0 
 0.0  0.0
0 0 0.0
0 1 42.44974270789923
0 2 8.974219370511557
0 3 24.05217250300004
0 4 45.76619343942725
0 5 18.72439367260615
0 6 27.37882239782001
0 7 16.60446727875007
0 8 35.12455646050876
0 9 51.70250715096817
0 10 17.4690216521659
0 11 6.52991505606197
0 12 7.022395535830414
0 13 20.70307906506956
0 14 12.20817697220269
0 15 39.40859675114756
0 16 32.28472551977028
0 17 48.86018661699462
0 18 19.10358011001738
0 19 43.98620472148107
0 20 27.21926712415794
0 21 0.0
1 0 42.44974270789923
1 1 0.0
1 2 33.47552333738768
1 3 18.3975702048992
1 4 4.75645073152802
1 5 23.72534903529309
1 6 15.07092031007923
1 7 25.84527542914917
1 8 44.934299168408
1 9 46.6322498588674
1 10 25.46072105573333
1 11 35.91982765183726
1 12 35.42734717206881
1 13 21.74666364282967
1 14 30.24156573569655
1 15 33.8583394590468
1 16 36.81446822766951
1 17 6.410443909095381
1 18 23.34616259788185
1 19 14.01646201358183
1 20 39.42900983205718
1 21 42.44974270789923
2 0 8.974219370511557
2 1 33.47552333738768
2 2 0.0
2 3 15.07795313248848
2 4 36.79197406891569
2 5 9.750174302094592
2 6 18.40460302730845
2 7 9.73868664926162
2 8 31.61877583102032
2 9 42.72828778045661
2 10 11.08324102267746
2 11 4.944134426573527
2 12 9.151823834681142
2 13 11.72885969455801
2 14 6.366042398308869
2 15 30.43437738063601
2 16 23.49894489028184
2 17 39.88596724648306
2 18 10.12936073950583
2 19 35.01198535096951
2 20 26.11348649466949
2 21 8.974219370511557
3 0 24.05217250300004
3 1 18.3975702048992
3 2 15.07795313248848
3 3 0.0
3 4 21.71402093642721
3 5 5.32777883039389
3 6 13.40664989481996
3 7 11.3766397817501
3 8 33.25672896350881
3 9 34.95467965396821
3 10 12.72119415516594
3 11 17.52225744693807
3 12 17.02977696716962
3 13 6.355251568069606
3 14 11.84399553079735
3 15 22.18076925414761
3 16 25.13689802277032
3 17 24.80801411399458
3 18 5.644247386982577
3 19 25.69403221848103
3 20 27.75143962715797
3 21 24.05217250300004
4 0 45.76619343942725
4 1 4.75645073152802
4 2 36.79197406891569
4 3 21.71402093642721
4 4 0.0
4 5 27.0417997668211
4 6 18.38737104160725
4 7 29.16172616067718
4 8 49.69074989993601
4 9 51.38870059039542
4 10 29.15521509159316
4 11 39.23627838336528
4 12 38.74379790359684
4 13 25.06311437435768
4 14 33.55801646722457
4 15 38.61479019057482
4 16 41.57091895919753
4 17 3.093993177567365
4 18 26.66261332940987
4 19 9.260011282053815
4 20 44.1854605635852
4 21 45.76619343942725
5 0 18.72439367260615
5 1 23.72534903529309
5 2 9.750174302094592
5 3 5.32777883039389
5 4 27.0417997668211
5 5 0.0
5 6 15.86321607042615
5 7 8.920073606143918
5 8 30.80016278790261
5 9 32.97811347836202
5 10 10.26462797955976
5 11 12.19447861654418
5 12 11.70199813677573
5 13 3.898685392463419
5 14 6.676216700403462
5 15 20.68420307854142
5 16 22.68033184716414
5 17 30.13579294438847
5 18 8.067973782623532
5 19 28.15059839408721
5 20 25.29487345155179
5 21 18.72439367260615
6 0 27.37882239782001
6 1 15.07092031007923
6 2 18.40460302730845
6 3 13.40664989481996
6 4 18.38737104160725
6 5 15.86321607042615
6 6 0.0
6 7 24.78328967657007
6 8 46.66337885832877
6 9 48.36132954878818
6 10 26.12784404998591
6 11 20.84890734175803
6 12 24.19642686198959
6 13 19.76190146288957
6 14 21.41064542561732
6 15 35.58741914896758
6 16 38.54354791759028
6 17 21.48136421917461
6 18 8.27524228780262
6 19 16.60738232366106
6 20 41.15808952197794
6 21 27.37882239782001
7 0 16.60446727875007
7 1 25.84527542914917
7 2 9.73868664926162
7 3 11.3766397817501
7 4 29.16172616067718
7 5 8.920073606143918
7 6 24.78328967657007
7 7 0.0
7 8 21.8800891817587
7 9 35.0980398722181
7 10 1.664554373415835
7 11 10.07455222268809
7 12 9.58207174291965
7 13 5.092453656180365
7 14 4.652644250952752
7 15 22.8041294723975
7 16 15.68025824102022
7 17 32.25571933824455
7 18 16.98804738876745
7 19 37.07067200023113
7 20 16.37479984540787
7 21 16.60446727875007
8 0 35.12455646050876
8 1 44.934299168408
8 2 31.61877583102032
8 3 33.25672896350881
8 4 49.69074989993601
8 5 30.80016278790261
8 6 46.66337885832877
8 7 21.8800891817587
8 8 0.0
8 9 16.5779506904594
8 10 20.53553480834286
8 11 28.59464140444679
8 12 28.10216092467835
8 13 26.9014773954392
8 14 25.25273343271146
8 15 11.07595970936119
8 16 8.119830940738481
8 17 49.90474307750338
8 18 38.86813657052614
8 19 58.95076118198983
8 20 7.905289336350827
8 21 35.12455646050876
9 0 51.70250715096817
9 1 46.6322498588674
9 2 42.72828778045661
9 3 34.95467965396821
9 4 51.38870059039542
9 5 32.97811347836202
9 6 48.36132954878818
9 7 35.0980398722181
9 8 16.5779506904594
9 9 0.0
9 10 34.23348549880227
9 11 45.17259209490619
9 12 44.68011161513775
9 13 30.9994280858986
9 14 39.49433017876548
9 15 12.7739103998206
9 16 19.41778163119788
9 17 51.60269376796279
9 18 40.56608726098555
9 19 60.64871187244923
9 20 24.48324002681023
9 21 51.70250715096817
10 0 17.4690216521659
10 1 25.46072105573333
10 2 11.08324102267746
10 3 12.72119415516594
10 4 29.15521509159316
10 5 10.26462797955976
10 6 26.12784404998591
10 7 1.664554373415835
10 8 20.53553480834286
10 9 34.23348549880227
10 10 0.0
10 11 10.93910659610393
10 12 10.44662611633549
10 13 6.365942587096335
10 14 5.517198624368588
10 15 21.93957509898167
10 16 14.81570386760438
10 17 31.39116496482871
10 18 18.33260176218329
10 19 38.41522637364697
10 20 15.03024547199203
10 21 17.4690216521659
11 0 6.52991505606197
11 1 35.91982765183726
11 2 4.944134426573527
11 3 17.52225744693807
11 4 39.23627838336528
11 5 12.19447861654418
11 6 20.84890734175803
11 7 10.07455222268809
11 8 28.59464140444679
11 9 45.17259209490619
11 10 10.93910659610393
11 11 0.0
11 12 4.207689408107615
11 13 14.1731640090076
11 14 5.678261916140717
11 15 32.8786816950856
11 16 25.75481046370831
11 17 42.33027156093264
11 18 12.73366505395541
11 19 37.4562896654191
11 20 21.48935206809596
11 21 6.52991505606197
12 0 7.022395535830414
12 1 35.42734717206881
12 2 9.151823834681142
12 3 17.02977696716962
12 4 38.74379790359684
12 5 11.70199813677573
12 6 24.19642686198959
12 7 9.58207174291965
12 8 28.10216092467835
12 9 44.68011161513775
12 10 10.44662611633549
12 11 4.207689408107615
12 12 0.0
12 13 13.68068352923915
12 14 5.185781436372273
12 15 32.38620121531715
12 16 25.26232998393987
12 17 41.8377910811642
12 18 16.40118457418697
12 19 37.12380918565065
12 20 20.19687158832752
12 21 7.022395535830414
13 0 20.70307906506956
13 1 21.74666364282967
13 2 11.72885969455801
13 3 6.355251568069606
13 4 25.06311437435768
13 5 3.898685392463419
13 6 19.76190146288957
13 7 5.092453656180365
13 8 26.9014773954392
13 9 30.9994280858986
13 10 6.365942587096335
13 11 14.1731640090076
13 12 13.68068352923915
13 13 0.0
13 14 8.494902092866878
13 15 18.705517686078
13 16 18.78164645470072
13 17 28.15710755192505
13 18 11.96665917508695
13 19 32.04928378655063
13 20 21.39618805908837
13 21 20.70307906506956
14 0 12.20817697220269
14 1 30.24156573569655
14 2 6.366042398308869
14 3 11.84399553079735
14 4 33.55801646722457
14 5 6.676216700403462
14 6 21.41064542561732
14 7 4.652644250952752
14 8 25.25273343271146
14 9 39.49433017876548
14 10 5.517198624368588
14 11 5.678261916140717
14 12 5.185781436372273
14 13 8.494902092866878
14 14 0.0
14 15 27.20041977894488
14 16 20.07654854756759
14 17 36.65200964479193
14 18 13.6154031378147
14 19 33.69802774927838
14 20 19.74744409636062
14 21 12.20817697220269
15 0 39.40859675114756
15 1 33.8583394590468
15 2 30.43437738063601
15 3 22.18076925414761
15 4 38.61479019057482
15 5 20.68420307854142
15 6 35.58741914896758
15 7 22.8041294723975
15 8 11.07595970936119
15 9 12.7739103998206
15 10 21.93957509898167
15 11 32.8786816950856
15 12 32.38620121531715
15 13 18.705517686078
15 14 27.20041977894488
15 15 0.0
15 16 7.123871231377283
15 17 38.82878336814219
15 18 27.79217686116495
15 19 47.87480147262863
15 20 12.18932962698963
15 21 39.40859675114756
16 0 32.28472551977028
16 1 36.81446822766951
16 2 23.49894489028184
16 3 25.13689802277032
16 4 41.57091895919753
16 5 22.68033184716414
16 6 38.54354791759028
16 7 15.68025824102022
16 8 8.119830940738481
16 9 19.41778163119788
16 10 14.81570386760438
16 11 25.75481046370831
16 12 25.26232998393987
16 13 18.78164645470072
16 14 20.07654854756759
16 15 7.123871231377283
16 16 0.0
16 17 41.78491213676489
16 18 30.74830562978767
16 19 50.83093024125135
16 20 5.065458395612347
16 21 32.28472551977028
17 0 48.86018661699462
17 1 6.410443909095381
17 2 39.88596724648306
17 3 24.80801411399458
17 4 3.093993177567365
17 5 30.13579294438847
17 6 21.48136421917461
17 7 32.25571933824455
17 8 49.90474307750338
17 9 51.60269376796279
17 10 31.39116496482871
17 11 42.33027156093264
17 12 41.8377910811642
17 13 28.15710755192505
17 14 36.65200964479193
17 15 38.82878336814219
17 16 41.78491213676489
17 17 0.0
17 18 29.75660650697723
17 19 9.046018104486452
17 20 44.39945374115256
17 21 48.86018661699462
18 0 19.10358011001738
18 1 23.34616259788185
18 2 10.12936073950583
18 3 5.644247386982577
18 4 26.66261332940987
18 5 8.067973782623532
18 6 8.27524228780262
18 7 16.98804738876745
18 8 38.86813657052614
18 9 40.56608726098555
18 10 18.33260176218329
18 11 12.73366505395541
18 12 16.40118457418697
18 13 11.96665917508695
18 14 13.6154031378147
18 15 27.79217686116495
18 16 30.74830562978767
18 17 29.75660650697723
18 18 0.0
18 19 24.88262461146368
18 20 33.36284723417532
18 21 19.10358011001738
19 0 43.98620472148107
19 1 14.01646201358183
19 2 35.01198535096951
19 3 25.69403221848103
19 4 9.260011282053815
19 5 28.15059839408721
19 6 16.60738232366106
19 7 37.07067200023113
19 8 58.95076118198983
19 9 60.64871187244923
19 10 38.41522637364697
19 11 37.4562896654191
19 12 37.12380918565065
19 13 32.04928378655063
19 14 33.69802774927838
19 15 47.87480147262863
19 16 50.83093024125135
19 17 9.046018104486452
19 18 24.88262461146368
19 19 0.0
19 20 53.44547184563901
19 21 43.98620472148107
20 0 27.21926712415794
20 1 39.42900983205718
20 2 26.11348649466949
20 3 27.75143962715797
20 4 44.1854605635852
20 5 25.29487345155179
20 6 41.15808952197794
20 7 16.37479984540787
20 8 7.905289336350827
20 9 24.48324002681023
20 10 15.03024547199203
20 11 21.48935206809596
20 12 20.19687158832752
20 13 21.39618805908837
20 14 19.74744409636062
20 15 12.18932962698963
20 16 5.065458395612347
20 17 44.39945374115256
20 18 33.36284723417532
20 19 53.44547184563901
20 20 0.0
20 21 27.21926712415794
21 0 0.0
21 1 0.0
21 2 0.0
21 3 0.0
21 4 0.0
21 5 0.0
21 6 0.0
21 7 0.0
21 8 0.0
21 9 0.0
21 10 0.0
21 11 0.0
21 12 0.0
21 13 0.0
21 14 0.0
21 15 0.0
21 16 0.0
21 17 0.0
21 18 0.0
21 19 0.0
21 20 0.0
21 21 0.0
0 0 0.0
0 1 32.86575584825419
0 2 7.485187788235243
0 3 17.76374127439573
0 4 36.43885441108873
0 5 13.66749352394346
0 6 24.25269942455932
0 7 12.09792469691727
0 8 30.90284309942417
0 9 41.47636765765149
0 10 12.94366476921626
0 11 4.64159479443635
0 12 5.560066744498825
0 13 14.65301931238129
0 14 8.648838732735925
0 15 29.79849407984346
0 16 26.09757564223571
0 17 38.46125814748335
0 18 16.28524587267086
0 19 38.86025354619926
0 20 24.09469293645228
0 21 0.0
1 0 32.86575584825419
1 1 0.0
1 2 25.47463272022291
1 3 15.40837816472818
1 4 4.100162741654662
1 5 19.52774946158938
1 6 10.72665734436537
1 7 24.48953715484535
1 8 32.19277555069576
1 9 33.61681407226716
1 10 24.69145729561485
1 11 28.49253516444861
1 12 29.66377097235415
1 13 19.9762363908974
1 14 25.51388178967481
1 15 24.03784224565833
1 16 27.00585719173755
1 17 5.735813096899229
1 18 17.05640109622599
1 19 9.970504573424618
1 20 29.88824353189228
1 21 32.86575584825419
2 0 7.485187788235243
2 1 25.47463272022291
2 2 0.0
2 3 10.72444779766651
2 4 28.98487193895573
2 5 6.918671340495521
2 6 16.80876992587664
2 7 8.74821984159305
2 8 29.0136787996007
2 9 38.31260133922381
2 10 9.874206230658753
2 11 3.899941589925828
2 12 6.616853322488992
2 13 8.939212892222768
2 14 5.049008694120164
2 15 25.96400027687632
2 16 23.40491516638259
2 17 31.02633543722954
2 18 8.807870915338468
2 19 31.40761485246942
2 20 22.52549604825744
2 21 7.485187788235243
3 0 17.76374127439573
3 1 15.40837816472818
3 2 10.72444779766651
3 3 0.0
3 4 19.25585299806954
3 5 4.148490366430041
3 6 9.76741677530405
3 7 9.614994691392695
3 8 24.78515390162811
3 9 31.51484281934598
3 10 10.12834280270633
3 11 13.23543317522958
3 12 14.25539530410864
3 13 5.079648085716182
3 14 10.10802093860543
3 15 19.07624557394396
3 16 18.70345651719338
3 17 21.12574185939889
3 18 5.290390439465594
3 19 22.99509656570049
3 20 19.75060618967379
3 21 17.76374127439573
4 0 36.43885441108873
4 1 4.100162741654662
4 2 28.98487193895573
4 3 19.25585299806954
4 4 0.0
4 5 23.32502107251104
4 6 13.17688106581559
4 7 28.49420223705074
4 8 35.93337629008077
4 9 36.57894455045918
4 10 28.72939694976942
4 11 32.16540681891859
4 12 33.48295871253493
4 13 23.95319021995138
4 14 29.35436183999623
4 15 27.67237844054011
4 16 30.90219474714466
4 17 2.19301013026374
4 18 20.34728371099623
4 19 6.667689584098064
4 20 33.88468238718028
4 21 36.43885441108873
5 0 13.66749352394346
5 1 19.52774946158938
5 2 6.918671340495521
5 3 4.148490366430041
5 4 23.32502107251104
5 5 0.0
5 6 12.77772985817186
5 7 6.48312428750186
5 8 24.67402852425001
5 9 32.73899317514375
5 10 7.312268679023808
5 11 9.102890623716855
5 12 10.15822726881349
5 13 3.091516106359124
5 14 6.051241712964936
5 15 20.20990405813305
5 16 18.68528903312311
5 17 25.23044791941728
5 18 5.711216302654685
5 19 26.74523590673902
5 20 18.86787611110348
5 21 13.66749352394346
6 0 24.25269942455932
6 1 10.72665734436537
6 2 16.80876992587664
6 3 9.76741677530405
6 4 13.17688106581559
6 5 12.77772985817186
6 6 0.0
6 7 19.10887457995124
6 8 33.44747615774485
6 9 38.27832177419109
6 10 19.75940770264826
6 11 20.42335136976099
6 12 22.35901593848824
6 13 14.74954742481475
6 14 18.55484061062384
6 15 26.56294291561348
6 16 27.47428772068113
6 17 15.36156650081919
6 18 8.038825699297844
6 19 14.60795865294101
6 20 29.10338288742826
6 21 24.25269942455932
7 0 12.09792469691727
7 1 24.48953715484535
7 2 8.74821984159305
7 3 9.614994691392695
7 4 28.49420223705074
7 5 6.48312428750186
7 6 19.10887457995124
7 7 0.0
7 8 20.26982986980909
7 9 29.89813010112604
7 10 1.13032754714377
7 11 7.889370491482607
7 12 6.788243765864503
7 13 4.583282566428048
7 14 3.918041456067502
7 15 17.84317144806658
7 16 14.75152882525481
7 17 30.21433977438429
7 18 12.14164978547836
7 19 32.58829750026363
7 20 13.7986964191412
7 21 12.09792469691727
8 0 30.90284309942417
8 1 32.19277555069576
8 2 29.0136787996007
8 3 24.78515390162811
8 4 35.93337629008077
8 5 24.67402852425001
8 6 33.44747615774485
8 7 20.26982986980909
8 8 0.0
8 9 11.7837066673126
8 10 19.14975325210834
8 11 27.65131110006115
8 12 25.44106307372324
8 13 21.58319365066822
8 14 24.11286995232669
8 15 8.397317568581323
8 16 6.082610224161563
8 17 36.60021118400401
8 18 29.72712333617294
8 19 42.15282347504846
8 20 6.811820981512954
8 21 30.90284309942417
9 0 41.47636765765149
9 1 33.61681407226716
9 2 38.31260133922381
9 3 31.51484281934598
9 4 36.57894455045918
9 5 32.73899317514375
9 6 38.27832177419109
9 7 29.89813010112604
9 8 11.7837066673126
9 9 0.0
9 10 28.86398627028287
9 11 37.7198028809584
9 12 35.91834416982228
9 13 29.8235798362075
9 14 33.80932926705497
9 15 12.53620795578675
9 16 15.38569269865306
9 17 36.54392418807805
9 18 36.79876003269082
9 19 43.23081987986507
9 20 18.04599275593121
9 21 41.47636765765149
10 0 12.94366476921626
10 1 24.69145729561485
10 2 9.874206230658753
10 3 10.12834280270633
10 4 28.72939694976942
10 5 7.312268679023808
10 6 19.75940770264826
10 7 1.13032754714377
10 8 19.14975325210834
10 9 28.86398627028287
10 10 0.0
10 11 8.869968515142864
10 12 7.512069274460607
10 13 5.048977736738594
10 14 4.996421199640907
10 15 16.89420783252548
10 16 13.66848169367384
10 17 30.39700340663876
10 18 13.01453166124197
10 19 33.00674639577579
10 20 12.66837727793971
10 21 12.94366476921626
11 0 4.64159479443635
11 1 28.49253516444861
11 2 3.899941589925828
11 3 13.23543317522958
11 4 32.16540681891859
11 5 9.102890623716855
11 6 20.42335136976099
11 7 7.889370491482607
11 8 27.65131110006115
11 9 37.7198028809584
11 10 8.869968515142864
11 11 0.0
11 12 2.995595698525918
11 13 10.02322384747138
11 14 4.139111056034771
11 15 25.73253369405503
11 16 22.44539210356637
11 17 34.14300451163349
11 18 12.38503890293164
11 19 34.96227640896747
11 20 20.93072808075039
11 21 4.64159479443635
12 0 5.560066744498825
12 1 29.66377097235415
12 2 6.616853322488992
12 3 14.25539530410864
12 4 33.48295871253493
12 5 10.15822726881349
12 6 22.35901593848824
12 7 6.788243765864503
12 8 25.44106307372324
12 9 35.91834416982228
12 10 7.512069274460607
12 11 2.995595698525918
12 12 0.0
12 13 10.16922114378625
12 14 4.162505694714401
12 15 24.27571558616761
12 16 20.54294524650164
12 17 35.37819343864774
12 18 14.40405977757871
12 19 36.7245934096496
12 20 18.64955257032504
12 21 5.560066744498825
13 0 14.65301931238129
13 1 19.9762363908974
13 2 8.939212892222768
13 3 5.079648085716182
13 4 23.95319021995138
13 5 3.091516106359124
13 6 14.74954742481475
13 7 4.583282566428048
13 8 21.58319365066822
13 9 29.8235798362075
13 10 5.048977736738594
13 11 10.02322384747138
13 12 10.16922114378625
13 13 0.0
13 14 6.118893618213396
13 15 17.32546394669627
13 16 15.60264045203654
13 17 25.70965711294402
13 18 8.53695873013059
13 19 28.01125248505594
13 20 15.81546032022593
13 21 14.65301931238129
14 0 8.648838732735925
14 1 25.51388178967481
14 2 5.049008694120164
14 3 10.10802093860543
14 4 29.35436183999623
14 5 6.051241712964936
14 6 18.55484061062384
14 7 3.918041456067502
14 8 24.11286995232669
14 9 33.80932926705497
14 10 4.996421199640907
14 11 4.139111056034771
14 12 4.162505694714401
14 13 6.118893618213396
14 14 0.0
14 15 21.68921102015804
14 16 18.66285280151848
14 17 31.23372688720348
14 18 10.79179751103122
14 19 32.75210009926877
14 20 17.53987422829788
14 21 8.648838732735925
15 0 29.79849407984346
15 1 24.03784224565833
15 2 25.96400027687632
15 3 19.07624557394396
15 4 27.67237844054011
15 5 20.20990405813305
15 6 26.56294291561348
15 7 17.84317144806658
15 8 8.397317568581323
15 9 12.53620795578675
15 10 16.89420783252548
15 11 25.73253369405503
15 12 24.27571558616761
15 13 17.32546394669627
15 14 21.68921102015804
15 15 0.0
15 16 5.453816948611483
15 17 28.25780395609589
15 18 24.33822914140269
15 19 34.00699274247626
15 20 9.47660606863403
15 21 29.79849407984346
16 0 26.09757564223571
16 1 27.00585719173755
16 2 23.40491516638259
16 3 18.70345651719338
16 4 30.90219474714466
16 5 18.68528903312311
16 6 27.47428772068113
16 7 14.75152882525481
16 8 6.082610224161563
16 9 15.38569269865306
16 10 13.66848169367384
16 11 22.44539210356637
16 12 20.54294524650164
16 13 15.60264045203654
16 14 18.66285280151848
16 15 5.453816948611483
16 16 0.0
16 17 31.78619820663333
16 18 23.65587552190662
16 19 36.88297767737192
16 20 4.030799955266546
16 21 26.09757564223571
17 0 38.46125814748335
17 1 5.735813096899229
17 2 31.02633543722954
17 3 21.12574185939889
17 4 2.19301013026374
17 5 25.23044791941728
17 6 15.36156650081919
17 7 30.21433977438429
17 8 36.60021118400401
17 9 36.54392418807805
17 10 30.39700340663876
17 11 34.14300451163349
17 12 35.37819343864774
17 13 25.70965711294402
17 14 31.23372688720348
17 15 28.25780395609589
17 16 31.78619820663333
17 17 0.0
17 18 22.44172803062336
17 19 7.265884084696456
17 20 34.92592796911904
17 21 38.46125814748335
18 0 16.28524587267086
18 1 17.05640109622599
18 2 8.807870915338468
18 3 5.290390439465594
18 4 20.34728371099623
18 5 5.711216302654685
18 6 8.038825699297844
18 7 12.14164978547836
18 8 29.72712333617294
18 9 36.79876003269082
18 10 13.01453166124197
18 11 12.38503890293164
18 12 14.40405977757871
18 13 8.53695873013059
18 14 10.79179751103122
18 15 24.33822914140269
18 16 23.65587552190662
18 17 22.44172803062336
18 18 0.0
18 19 22.61036066541161
18 20 24.27904396060942
18 21 16.28524587267086
19 0 38.86025354619926
19 1 9.970504573424618
19 2 31.40761485246942
19 3 22.99509656570049
19 4 6.667689584098064
19 5 26.74523590673902
19 6 14.60795865294101
19 7 32.58829750026363
19 8 42.15282347504846
19 9 43.23081987986507
19 10 33.00674639577579
19 11 34.96227640896747
19 12 36.7245934096496
19 13 28.01125248505594
19 14 32.75210009926877
19 15 34.00699274247626
19 16 36.88297767737192
19 17 7.265884084696456
19 18 22.61036066541161
19 19 0.0
19 20 39.60775591469125
19 21 38.86025354619926
20 0 24.09469293645228
20 1 29.88824353189228
20 2 22.52549604825744
20 3 19.75060618967379
20 4 33.88468238718028
20 5 18.86787611110348
20 6 29.10338288742826
20 7 13.7986964191412
20 8 6.811820981512954
20 9 18.04599275593121
20 10 12.66837727793971
20 11 20.93072808075039
20 12 18.64955257032504
20 13 15.81546032022593
20 14 17.53987422829788
20 15 9.47660606863403
20 16 4.030799955266546
20 17 34.92592796911904
20 18 24.27904396060942
20 19 39.60775591469125
20 20 0.0
20 21 24.09469293645228
21 0 0.0
21 1 0.0
21 2 0.0
21 3 0.0
21 4 0.0
21 5 0.0
21 6 0.0
21 7 0.0
21 8 0.0
21 9 0.0
21 10 0.0
21 11 0.0
21 12 0.0
21 13 0.0
21 14 0.0
21 15 0.0
21 16 0.0
21 17 0.0
21 18 0.0
21 19 0.0
21 20 0.0
21 21 0.0
